514
3
516
517
518
7
9
10
522
525
527
16
17
529
19
530
21
22
528
539
540
29
30
545
546
36
548
551
42
555
44
45
48
49
562
50
564
53
54
55
569
59
61
573
575
574
579
68
583
72
586
75
76
589
591
79
594
83
84
87
600
599
90
603
604
93
605
608
612
101
614
615
104
616
620
622
623
624
115
629
118
631
120
633
630
124
125
638
641
642
643
644
133
646
132
648
649
137
139
652
138
654
650
656
657
142
659
663
152
668
156
676
164
165
680
681
168
683
172
682
686
176
177
690
691
692
180
694
695
699
190
702
707
708
710
199
204
205
718
206
719
721
717
209
214
216
222
224
226
230
232
234
243
246
251
252
264
270
279
283
285
286
288
291
292
295
298
299
303
305
306
308
310
312
315
324
328
332
333
334
335
336
338
339
341
346
347
348
350
353
354
356
357
359
366
368
374
375
376
377
381
386
388
394
396
399
400
405
413
421
422
430
436
438
441
445
452
458
461
463
472
480
483
484
485
492
494
500
501
502
